input_dim=1
output_dim=1
weight=1.990542
bias=0.027235
