input_dim=2
output_dim=1
weight_0_0=2.828454
weight_1_0=3.059385
bias_0=12.200006
