model_type=deep_mlp
hidden_activation=2
num_layers=3
layer0_input_dim=2
layer0_output_dim=8
layer0_weight_0_0=-0.341866
layer0_weight_0_1=0.076334
layer0_weight_0_2=0.428573
layer0_weight_0_3=0.005237
layer0_weight_0_4=-0.647951
layer0_weight_0_5=-0.497552
layer0_weight_0_6=0.098804
layer0_weight_0_7=-0.602623
layer0_weight_1_0=-0.621195
layer0_weight_1_1=-0.842589
layer0_weight_1_2=0.134957
layer0_weight_1_3=-0.205782
layer0_weight_1_4=-0.066970
layer0_weight_1_5=-0.235774
layer0_weight_1_6=0.010579
layer0_weight_1_7=0.264217
layer0_bias_0=-0.654443
layer0_bias_1=-0.681141
layer0_bias_2=-0.184712
layer0_bias_3=0.628168
layer0_bias_4=-0.767281
layer0_bias_5=-0.794727
layer0_bias_6=-0.627468
layer0_bias_7=-0.622437
layer1_input_dim=8
layer1_output_dim=4
layer1_weight_0_0=-0.776525
layer1_weight_0_1=0.256765
layer1_weight_0_2=0.472046
layer1_weight_0_3=0.395794
layer1_weight_1_0=-0.386329
layer1_weight_1_1=0.779180
layer1_weight_1_2=0.727293
layer1_weight_1_3=0.804350
layer1_weight_2_0=0.269980
layer1_weight_2_1=-0.359095
layer1_weight_2_2=0.266280
layer1_weight_2_3=0.456356
layer1_weight_3_0=0.635008
layer1_weight_3_1=-0.423438
layer1_weight_3_2=-0.461960
layer1_weight_3_3=-0.335589
layer1_weight_4_0=0.136745
layer1_weight_4_1=1.025210
layer1_weight_4_2=0.452085
layer1_weight_4_3=0.870546
layer1_weight_5_0=-0.806063
layer1_weight_5_1=0.188625
layer1_weight_5_2=0.177283
layer1_weight_5_3=0.400321
layer1_weight_6_0=-0.205605
layer1_weight_6_1=0.841896
layer1_weight_6_2=0.116967
layer1_weight_6_3=0.609619
layer1_weight_7_0=-0.215274
layer1_weight_7_1=-0.014099
layer1_weight_7_2=0.919819
layer1_weight_7_3=0.500467
layer1_bias_0=0.641313
layer1_bias_1=-0.692680
layer1_bias_2=-0.651679
layer1_bias_3=-0.512846
layer2_input_dim=4
layer2_output_dim=1
layer2_weight_0_0=1.952346
layer2_weight_1_0=-1.610850
layer2_weight_2_0=-1.537614
layer2_weight_3_0=-1.744937
layer2_bias_0=1.259738
