model_type=deep_mlp
hidden_activation=1
num_layers=3
layer0_input_dim=2
layer0_output_dim=8
layer0_weight_0_0=-0.765358
layer0_weight_0_1=1.178185
layer0_weight_0_2=1.802781
layer0_weight_0_3=-0.820524
layer0_weight_0_4=-1.773664
layer0_weight_0_5=-0.341580
layer0_weight_0_6=0.953140
layer0_weight_0_7=-0.164106
layer0_weight_1_0=-1.287452
layer0_weight_1_1=-0.950924
layer0_weight_1_2=1.294271
layer0_weight_1_3=-1.390629
layer0_weight_1_4=0.234816
layer0_weight_1_5=0.084023
layer0_weight_1_6=0.838264
layer0_weight_1_7=2.023300
layer0_bias_0=-0.062961
layer0_bias_1=0.607108
layer0_bias_2=0.677100
layer0_bias_3=0.098980
layer0_bias_4=0.050276
layer0_bias_5=-0.114939
layer0_bias_6=0.081284
layer0_bias_7=0.543066
layer1_input_dim=8
layer1_output_dim=4
layer1_weight_0_0=-0.453225
layer1_weight_0_1=-0.160093
layer1_weight_0_2=0.000000
layer1_weight_0_3=-0.012200
layer1_weight_1_0=0.690964
layer1_weight_1_1=0.320499
layer1_weight_1_2=0.030161
layer1_weight_1_3=0.232774
layer1_weight_2_0=0.891559
layer1_weight_2_1=-0.464261
layer1_weight_2_2=0.247727
layer1_weight_2_3=0.351601
layer1_weight_3_0=0.830899
layer1_weight_3_1=-0.524467
layer1_weight_3_2=-0.014160
layer1_weight_3_3=-0.641115
layer1_weight_4_0=0.789377
layer1_weight_4_1=0.713191
layer1_weight_4_2=-0.000000
layer1_weight_4_3=0.525168
layer1_weight_5_0=-0.122023
layer1_weight_5_1=-0.447710
layer1_weight_5_2=-0.000338
layer1_weight_5_3=-0.146672
layer1_weight_6_0=0.412078
layer1_weight_6_1=0.778404
layer1_weight_6_2=-0.168597
layer1_weight_6_3=0.460037
layer1_weight_7_0=0.779644
layer1_weight_7_1=-0.396904
layer1_weight_7_2=0.425716
layer1_weight_7_3=0.127312
layer1_bias_0=0.888352
layer1_bias_1=-0.121306
layer1_bias_2=-0.337601
layer1_bias_3=-0.479247
layer2_input_dim=4
layer2_output_dim=1
layer2_weight_0_0=1.658824
layer2_weight_1_0=0.018234
layer2_weight_2_0=0.002867
layer2_weight_3_0=-0.021683
layer2_bias_0=0.729774
