model_type=deep_mlp
hidden_activation=1
num_layers=3
layer0_input_dim=2
layer0_output_dim=8
layer0_weight_0_0=-0.250925
layer0_weight_0_1=0.965352
layer0_weight_0_2=1.180318
layer0_weight_0_3=-0.226871
layer0_weight_0_4=-1.066576
layer0_weight_0_5=-0.061952
layer0_weight_0_6=0.548087
layer0_weight_0_7=0.225057
layer0_weight_1_0=-0.584115
layer0_weight_1_1=-0.298422
layer0_weight_1_2=0.860737
layer0_weight_1_3=-0.586901
layer0_weight_1_4=0.104493
layer0_weight_1_5=0.049799
layer0_weight_1_6=0.466845
layer0_weight_1_7=1.187439
layer0_bias_0=-0.088939
layer0_bias_1=0.744007
layer0_bias_2=0.755144
layer0_bias_3=0.744918
layer0_bias_4=0.214602
layer0_bias_5=-0.132747
layer0_bias_6=0.199676
layer0_bias_7=0.719124
layer1_input_dim=8
layer1_output_dim=4
layer1_weight_0_0=-0.350714
layer1_weight_0_1=-0.228483
layer1_weight_0_2=0.000000
layer1_weight_0_3=-0.008567
layer1_weight_1_0=0.910237
layer1_weight_1_1=0.120906
layer1_weight_1_2=0.024997
layer1_weight_1_3=0.261330
layer1_weight_2_0=0.952627
layer1_weight_2_1=-0.380792
layer1_weight_2_2=0.111847
layer1_weight_2_3=0.195198
layer1_weight_3_0=1.067796
layer1_weight_3_1=-0.423069
layer1_weight_3_2=-0.002637
layer1_weight_3_3=-0.569380
layer1_weight_4_0=0.796652
layer1_weight_4_1=0.632662
layer1_weight_4_2=-0.000000
layer1_weight_4_3=0.383621
layer1_weight_5_0=-0.099520
layer1_weight_5_1=-0.356967
layer1_weight_5_2=0.000003
layer1_weight_5_3=-0.096631
layer1_weight_6_0=0.468850
layer1_weight_6_1=0.632242
layer1_weight_6_2=-0.155410
layer1_weight_6_3=0.353545
layer1_weight_7_0=0.942767
layer1_weight_7_1=-0.293892
layer1_weight_7_2=0.252650
layer1_weight_7_3=-0.032998
layer1_bias_0=0.884809
layer1_bias_1=-0.111376
layer1_bias_2=-0.313112
layer1_bias_3=-0.374660
layer2_input_dim=4
layer2_output_dim=1
layer2_weight_0_0=1.730715
layer2_weight_1_0=0.108637
layer2_weight_2_0=0.016742
layer2_weight_3_0=-0.018010
layer2_bias_0=0.715564
