input_dim=1
output_dim=1
weight=1.948972
bias=0.118468
