input_dim=1
output_dim=1
weight=1.990599
bias=0.028867
