input_dim=2
output_dim=1
weight_0_0=2.829462
weight_1_0=3.073586
bias_0=12.158147
