input_dim=1
output_dim=1
weight=2.494434
bias=4.666651
