input_dim=1
output_dim=1
weight_0_0=2.490771
bias_0=4.657773
