input_dim=2
output_dim=1
weight_0_0=2.828248
weight_1_0=3.059585
bias_0=12.199998
