input_dim=1
output_dim=1
weight=1.949324
bias=0.181113
